probes
{                              
        type            probes;
        libs ("libsampling.so");
        writeControl    writeTime;
        probeLocations         
        (                      
            (0.0075 0.0 0.0)
            (0.0075 0.00070588 0.0)
            (0.0075 0.00141176 0.0)
            (0.0075 0.00211765 0.0)
            (0.0075 0.00282353 0.0)
            (0.0075 0.00352941 0.0)
            (0.0075 0.00423529 0.0)
            (0.0075 0.00494118 0.0)
            (0.0075 0.00564706 0.0)
            (0.0075 0.00635294 0.0)
            (0.0075 0.00705882 0.0)
            (0.0075 0.00776471 0.0)
            (0.0075 0.00847059 0.0)
            (0.0075 0.00917647 0.0)
            (0.0075 0.00988235 0.0)
            (0.0075 0.01058824 0.0)
            (0.0075 0.01129412 0.0)
            (0.0075 0.012 0.0)
            (0.0075 0.0 0.0)
            (0.0075 0.00049913 0.00049913)
            (0.0075 0.00099827 0.00099827)
            (0.0075 0.0014974 0.0014974)
            (0.0075 0.00199654 0.00199654)
            (0.0075 0.00249567 0.00249567)
            (0.0075 0.00299481 0.00299481)
            (0.0075 0.00349394 0.00349394)
            (0.0075 0.00399307 0.00399307)
            (0.0075 0.00449221 0.00449221)
            (0.0075 0.00499134 0.00499134)
            (0.0075 0.00549048 0.00549048)
            (0.0075 0.00598961 0.00598961)
            (0.0075 0.00648874 0.00648874)
            (0.0075 0.00698788 0.00698788)
            (0.0075 0.00748701 0.00748701)
            (0.0075 0.00798615 0.00798615)
            (0.0075 0.00848528 0.00848528)
            (0.0075 0.0 0.0)
            (0.0075 0.0 0.00070588)
            (0.0075 0.0 0.00141176)
            (0.0075 0.0 0.00211765)
            (0.0075 0.0 0.00282353)
            (0.0075 0.0 0.00352941)
            (0.0075 0.0 0.00423529)
            (0.0075 0.0 0.00494118)
            (0.0075 0.0 0.00564706)
            (0.0075 0.0 0.00635294)
            (0.0075 0.0 0.00705882)
            (0.0075 0.0 0.00776471)
            (0.0075 0.0 0.00847059)
            (0.0075 0.0 0.00917647)
            (0.0075 0.0 0.00988235)
            (0.0075 0.0 0.01058824)
            (0.0075 0.0 0.01129412)
            (0.0075 0.0 0.012)
            (0.0075 0.0 0.0)
            (0.0075 -0.00049913 0.00049913)
            (0.0075 -0.00099827 0.00099827)
            (0.0075 -0.0014974 0.0014974)
            (0.0075 -0.00199654 0.00199654)
            (0.0075 -0.00249567 0.00249567)
            (0.0075 -0.00299481 0.00299481)
            (0.0075 -0.00349394 0.00349394)
            (0.0075 -0.00399307 0.00399307)
            (0.0075 -0.00449221 0.00449221)
            (0.0075 -0.00499134 0.00499134)
            (0.0075 -0.00549048 0.00549048)
            (0.0075 -0.00598961 0.00598961)
            (0.0075 -0.00648874 0.00648874)
            (0.0075 -0.00698788 0.00698788)
            (0.0075 -0.00748701 0.00748701)
            (0.0075 -0.00798615 0.00798615)
            (0.0075 -0.00848528 0.00848528)
            (0.0075 0.0 0.0)
            (0.0075 -0.00070588 0.0)
            (0.0075 -0.00141176 0.0)
            (0.0075 -0.00211765 0.0)
            (0.0075 -0.00282353 0.0)
            (0.0075 -0.00352941 0.0)
            (0.0075 -0.00423529 0.0)
            (0.0075 -0.00494118 0.0)
            (0.0075 -0.00564706 0.0)
            (0.0075 -0.00635294 0.0)
            (0.0075 -0.00705882 0.0)
            (0.0075 -0.00776471 0.0)
            (0.0075 -0.00847059 0.0)
            (0.0075 -0.00917647 0.0)
            (0.0075 -0.00988235 0.0)
            (0.0075 -0.01058824 0.0)
            (0.0075 -0.01129412 0.0)
            (0.0075 -0.012 0.0)
            (0.0075 0.0 0.0)
            (0.0075 -0.00049913 -0.00049913)
            (0.0075 -0.00099827 -0.00099827)
            (0.0075 -0.0014974 -0.0014974)
            (0.0075 -0.00199654 -0.00199654)
            (0.0075 -0.00249567 -0.00249567)
            (0.0075 -0.00299481 -0.00299481)
            (0.0075 -0.00349394 -0.00349394)
            (0.0075 -0.00399307 -0.00399307)
            (0.0075 -0.00449221 -0.00449221)
            (0.0075 -0.00499134 -0.00499134)
            (0.0075 -0.00549048 -0.00549048)
            (0.0075 -0.00598961 -0.00598961)
            (0.0075 -0.00648874 -0.00648874)
            (0.0075 -0.00698788 -0.00698788)
            (0.0075 -0.00748701 -0.00748701)
            (0.0075 -0.00798615 -0.00798615)
            (0.0075 -0.00848528 -0.00848528)
            (0.0075 0.0 0.0)
            (0.0075 0.0 -0.00070588)
            (0.0075 0.0 -0.00141176)
            (0.0075 0.0 -0.00211765)
            (0.0075 0.0 -0.00282353)
            (0.0075 0.0 -0.00352941)
            (0.0075 0.0 -0.00423529)
            (0.0075 0.0 -0.00494118)
            (0.0075 0.0 -0.00564706)
            (0.0075 0.0 -0.00635294)
            (0.0075 0.0 -0.00705882)
            (0.0075 0.0 -0.00776471)
            (0.0075 0.0 -0.00847059)
            (0.0075 0.0 -0.00917647)
            (0.0075 0.0 -0.00988235)
            (0.0075 0.0 -0.01058824)
            (0.0075 0.0 -0.01129412)
            (0.0075 0.0 -0.012)
            (0.0075 0.0 0.0)
            (0.0075 0.00049913 -0.00049913)
            (0.0075 0.00099827 -0.00099827)
            (0.0075 0.0014974 -0.0014974)
            (0.0075 0.00199654 -0.00199654)
            (0.0075 0.00249567 -0.00249567)
            (0.0075 0.00299481 -0.00299481)
            (0.0075 0.00349394 -0.00349394)
            (0.0075 0.00399307 -0.00399307)
            (0.0075 0.00449221 -0.00449221)
            (0.0075 0.00499134 -0.00499134)
            (0.0075 0.00549048 -0.00549048)
            (0.0075 0.00598961 -0.00598961)
            (0.0075 0.00648874 -0.00648874)
            (0.0075 0.00698788 -0.00698788)
            (0.0075 0.00748701 -0.00748701)
            (0.0075 0.00798615 -0.00798615)
            (0.0075 0.00848528 -0.00848528)
            (0.015 0.0 0.0)
            (0.015 0.00070588 0.0)
            (0.015 0.00141176 0.0)
            (0.015 0.00211765 0.0)
            (0.015 0.00282353 0.0)
            (0.015 0.00352941 0.0)
            (0.015 0.00423529 0.0)
            (0.015 0.00494118 0.0)
            (0.015 0.00564706 0.0)
            (0.015 0.00635294 0.0)
            (0.015 0.00705882 0.0)
            (0.015 0.00776471 0.0)
            (0.015 0.00847059 0.0)
            (0.015 0.00917647 0.0)
            (0.015 0.00988235 0.0)
            (0.015 0.01058824 0.0)
            (0.015 0.01129412 0.0)
            (0.015 0.012 0.0)
            (0.015 0.0 0.0)
            (0.015 0.00049913 0.00049913)
            (0.015 0.00099827 0.00099827)
            (0.015 0.0014974 0.0014974)
            (0.015 0.00199654 0.00199654)
            (0.015 0.00249567 0.00249567)
            (0.015 0.00299481 0.00299481)
            (0.015 0.00349394 0.00349394)
            (0.015 0.00399307 0.00399307)
            (0.015 0.00449221 0.00449221)
            (0.015 0.00499134 0.00499134)
            (0.015 0.00549048 0.00549048)
            (0.015 0.00598961 0.00598961)
            (0.015 0.00648874 0.00648874)
            (0.015 0.00698788 0.00698788)
            (0.015 0.00748701 0.00748701)
            (0.015 0.00798615 0.00798615)
            (0.015 0.00848528 0.00848528)
            (0.015 0.0 0.0)
            (0.015 0.0 0.00070588)
            (0.015 0.0 0.00141176)
            (0.015 0.0 0.00211765)
            (0.015 0.0 0.00282353)
            (0.015 0.0 0.00352941)
            (0.015 0.0 0.00423529)
            (0.015 0.0 0.00494118)
            (0.015 0.0 0.00564706)
            (0.015 0.0 0.00635294)
            (0.015 0.0 0.00705882)
            (0.015 0.0 0.00776471)
            (0.015 0.0 0.00847059)
            (0.015 0.0 0.00917647)
            (0.015 0.0 0.00988235)
            (0.015 0.0 0.01058824)
            (0.015 0.0 0.01129412)
            (0.015 0.0 0.012)
            (0.015 0.0 0.0)
            (0.015 -0.00049913 0.00049913)
            (0.015 -0.00099827 0.00099827)
            (0.015 -0.0014974 0.0014974)
            (0.015 -0.00199654 0.00199654)
            (0.015 -0.00249567 0.00249567)
            (0.015 -0.00299481 0.00299481)
            (0.015 -0.00349394 0.00349394)
            (0.015 -0.00399307 0.00399307)
            (0.015 -0.00449221 0.00449221)
            (0.015 -0.00499134 0.00499134)
            (0.015 -0.00549048 0.00549048)
            (0.015 -0.00598961 0.00598961)
            (0.015 -0.00648874 0.00648874)
            (0.015 -0.00698788 0.00698788)
            (0.015 -0.00748701 0.00748701)
            (0.015 -0.00798615 0.00798615)
            (0.015 -0.00848528 0.00848528)
            (0.015 0.0 0.0)
            (0.015 -0.00070588 0.0)
            (0.015 -0.00141176 0.0)
            (0.015 -0.00211765 0.0)
            (0.015 -0.00282353 0.0)
            (0.015 -0.00352941 0.0)
            (0.015 -0.00423529 0.0)
            (0.015 -0.00494118 0.0)
            (0.015 -0.00564706 0.0)
            (0.015 -0.00635294 0.0)
            (0.015 -0.00705882 0.0)
            (0.015 -0.00776471 0.0)
            (0.015 -0.00847059 0.0)
            (0.015 -0.00917647 0.0)
            (0.015 -0.00988235 0.0)
            (0.015 -0.01058824 0.0)
            (0.015 -0.01129412 0.0)
            (0.015 -0.012 0.0)
            (0.015 0.0 0.0)
            (0.015 -0.00049913 -0.00049913)
            (0.015 -0.00099827 -0.00099827)
            (0.015 -0.0014974 -0.0014974)
            (0.015 -0.00199654 -0.00199654)
            (0.015 -0.00249567 -0.00249567)
            (0.015 -0.00299481 -0.00299481)
            (0.015 -0.00349394 -0.00349394)
            (0.015 -0.00399307 -0.00399307)
            (0.015 -0.00449221 -0.00449221)
            (0.015 -0.00499134 -0.00499134)
            (0.015 -0.00549048 -0.00549048)
            (0.015 -0.00598961 -0.00598961)
            (0.015 -0.00648874 -0.00648874)
            (0.015 -0.00698788 -0.00698788)
            (0.015 -0.00748701 -0.00748701)
            (0.015 -0.00798615 -0.00798615)
            (0.015 -0.00848528 -0.00848528)
            (0.015 0.0 0.0)
            (0.015 0.0 -0.00070588)
            (0.015 0.0 -0.00141176)
            (0.015 0.0 -0.00211765)
            (0.015 0.0 -0.00282353)
            (0.015 0.0 -0.00352941)
            (0.015 0.0 -0.00423529)
            (0.015 0.0 -0.00494118)
            (0.015 0.0 -0.00564706)
            (0.015 0.0 -0.00635294)
            (0.015 0.0 -0.00705882)
            (0.015 0.0 -0.00776471)
            (0.015 0.0 -0.00847059)
            (0.015 0.0 -0.00917647)
            (0.015 0.0 -0.00988235)
            (0.015 0.0 -0.01058824)
            (0.015 0.0 -0.01129412)
            (0.015 0.0 -0.012)
            (0.015 0.0 0.0)
            (0.015 0.00049913 -0.00049913)
            (0.015 0.00099827 -0.00099827)
            (0.015 0.0014974 -0.0014974)
            (0.015 0.00199654 -0.00199654)
            (0.015 0.00249567 -0.00249567)
            (0.015 0.00299481 -0.00299481)
            (0.015 0.00349394 -0.00349394)
            (0.015 0.00399307 -0.00399307)
            (0.015 0.00449221 -0.00449221)
            (0.015 0.00499134 -0.00499134)
            (0.015 0.00549048 -0.00549048)
            (0.015 0.00598961 -0.00598961)
            (0.015 0.00648874 -0.00648874)
            (0.015 0.00698788 -0.00698788)
            (0.015 0.00748701 -0.00748701)
            (0.015 0.00798615 -0.00798615)
            (0.015 0.00848528 -0.00848528)
            (0.0225 0.0 0.0)
            (0.0225 0.00070588 0.0)
            (0.0225 0.00141176 0.0)
            (0.0225 0.00211765 0.0)
            (0.0225 0.00282353 0.0)
            (0.0225 0.00352941 0.0)
            (0.0225 0.00423529 0.0)
            (0.0225 0.00494118 0.0)
            (0.0225 0.00564706 0.0)
            (0.0225 0.00635294 0.0)
            (0.0225 0.00705882 0.0)
            (0.0225 0.00776471 0.0)
            (0.0225 0.00847059 0.0)
            (0.0225 0.00917647 0.0)
            (0.0225 0.00988235 0.0)
            (0.0225 0.01058824 0.0)
            (0.0225 0.01129412 0.0)
            (0.0225 0.012 0.0)
            (0.0225 0.0 0.0)
            (0.0225 0.00049913 0.00049913)
            (0.0225 0.00099827 0.00099827)
            (0.0225 0.0014974 0.0014974)
            (0.0225 0.00199654 0.00199654)
            (0.0225 0.00249567 0.00249567)
            (0.0225 0.00299481 0.00299481)
            (0.0225 0.00349394 0.00349394)
            (0.0225 0.00399307 0.00399307)
            (0.0225 0.00449221 0.00449221)
            (0.0225 0.00499134 0.00499134)
            (0.0225 0.00549048 0.00549048)
            (0.0225 0.00598961 0.00598961)
            (0.0225 0.00648874 0.00648874)
            (0.0225 0.00698788 0.00698788)
            (0.0225 0.00748701 0.00748701)
            (0.0225 0.00798615 0.00798615)
            (0.0225 0.00848528 0.00848528)
            (0.0225 0.0 0.0)
            (0.0225 0.0 0.00070588)
            (0.0225 0.0 0.00141176)
            (0.0225 0.0 0.00211765)
            (0.0225 0.0 0.00282353)
            (0.0225 0.0 0.00352941)
            (0.0225 0.0 0.00423529)
            (0.0225 0.0 0.00494118)
            (0.0225 0.0 0.00564706)
            (0.0225 0.0 0.00635294)
            (0.0225 0.0 0.00705882)
            (0.0225 0.0 0.00776471)
            (0.0225 0.0 0.00847059)
            (0.0225 0.0 0.00917647)
            (0.0225 0.0 0.00988235)
            (0.0225 0.0 0.01058824)
            (0.0225 0.0 0.01129412)
            (0.0225 0.0 0.012)
            (0.0225 0.0 0.0)
            (0.0225 -0.00049913 0.00049913)
            (0.0225 -0.00099827 0.00099827)
            (0.0225 -0.0014974 0.0014974)
            (0.0225 -0.00199654 0.00199654)
            (0.0225 -0.00249567 0.00249567)
            (0.0225 -0.00299481 0.00299481)
            (0.0225 -0.00349394 0.00349394)
            (0.0225 -0.00399307 0.00399307)
            (0.0225 -0.00449221 0.00449221)
            (0.0225 -0.00499134 0.00499134)
            (0.0225 -0.00549048 0.00549048)
            (0.0225 -0.00598961 0.00598961)
            (0.0225 -0.00648874 0.00648874)
            (0.0225 -0.00698788 0.00698788)
            (0.0225 -0.00748701 0.00748701)
            (0.0225 -0.00798615 0.00798615)
            (0.0225 -0.00848528 0.00848528)
            (0.0225 0.0 0.0)
            (0.0225 -0.00070588 0.0)
            (0.0225 -0.00141176 0.0)
            (0.0225 -0.00211765 0.0)
            (0.0225 -0.00282353 0.0)
            (0.0225 -0.00352941 0.0)
            (0.0225 -0.00423529 0.0)
            (0.0225 -0.00494118 0.0)
            (0.0225 -0.00564706 0.0)
            (0.0225 -0.00635294 0.0)
            (0.0225 -0.00705882 0.0)
            (0.0225 -0.00776471 0.0)
            (0.0225 -0.00847059 0.0)
            (0.0225 -0.00917647 0.0)
            (0.0225 -0.00988235 0.0)
            (0.0225 -0.01058824 0.0)
            (0.0225 -0.01129412 0.0)
            (0.0225 -0.012 0.0)
            (0.0225 0.0 0.0)
            (0.0225 -0.00049913 -0.00049913)
            (0.0225 -0.00099827 -0.00099827)
            (0.0225 -0.0014974 -0.0014974)
            (0.0225 -0.00199654 -0.00199654)
            (0.0225 -0.00249567 -0.00249567)
            (0.0225 -0.00299481 -0.00299481)
            (0.0225 -0.00349394 -0.00349394)
            (0.0225 -0.00399307 -0.00399307)
            (0.0225 -0.00449221 -0.00449221)
            (0.0225 -0.00499134 -0.00499134)
            (0.0225 -0.00549048 -0.00549048)
            (0.0225 -0.00598961 -0.00598961)
            (0.0225 -0.00648874 -0.00648874)
            (0.0225 -0.00698788 -0.00698788)
            (0.0225 -0.00748701 -0.00748701)
            (0.0225 -0.00798615 -0.00798615)
            (0.0225 -0.00848528 -0.00848528)
            (0.0225 0.0 0.0)
            (0.0225 0.0 -0.00070588)
            (0.0225 0.0 -0.00141176)
            (0.0225 0.0 -0.00211765)
            (0.0225 0.0 -0.00282353)
            (0.0225 0.0 -0.00352941)
            (0.0225 0.0 -0.00423529)
            (0.0225 0.0 -0.00494118)
            (0.0225 0.0 -0.00564706)
            (0.0225 0.0 -0.00635294)
            (0.0225 0.0 -0.00705882)
            (0.0225 0.0 -0.00776471)
            (0.0225 0.0 -0.00847059)
            (0.0225 0.0 -0.00917647)
            (0.0225 0.0 -0.00988235)
            (0.0225 0.0 -0.01058824)
            (0.0225 0.0 -0.01129412)
            (0.0225 0.0 -0.012)
            (0.0225 0.0 0.0)
            (0.0225 0.00049913 -0.00049913)
            (0.0225 0.00099827 -0.00099827)
            (0.0225 0.0014974 -0.0014974)
            (0.0225 0.00199654 -0.00199654)
            (0.0225 0.00249567 -0.00249567)
            (0.0225 0.00299481 -0.00299481)
            (0.0225 0.00349394 -0.00349394)
            (0.0225 0.00399307 -0.00399307)
            (0.0225 0.00449221 -0.00449221)
            (0.0225 0.00499134 -0.00499134)
            (0.0225 0.00549048 -0.00549048)
            (0.0225 0.00598961 -0.00598961)
            (0.0225 0.00648874 -0.00648874)
            (0.0225 0.00698788 -0.00698788)
            (0.0225 0.00748701 -0.00748701)
            (0.0225 0.00798615 -0.00798615)
            (0.0225 0.00848528 -0.00848528)
            (0.03 0.0 0.0)
            (0.03 0.00070588 0.0)
            (0.03 0.00141176 0.0)
            (0.03 0.00211765 0.0)
            (0.03 0.00282353 0.0)
            (0.03 0.00352941 0.0)
            (0.03 0.00423529 0.0)
            (0.03 0.00494118 0.0)
            (0.03 0.00564706 0.0)
            (0.03 0.00635294 0.0)
            (0.03 0.00705882 0.0)
            (0.03 0.00776471 0.0)
            (0.03 0.00847059 0.0)
            (0.03 0.00917647 0.0)
            (0.03 0.00988235 0.0)
            (0.03 0.01058824 0.0)
            (0.03 0.01129412 0.0)
            (0.03 0.012 0.0)
            (0.03 0.0 0.0)
            (0.03 0.00049913 0.00049913)
            (0.03 0.00099827 0.00099827)
            (0.03 0.0014974 0.0014974)
            (0.03 0.00199654 0.00199654)
            (0.03 0.00249567 0.00249567)
            (0.03 0.00299481 0.00299481)
            (0.03 0.00349394 0.00349394)
            (0.03 0.00399307 0.00399307)
            (0.03 0.00449221 0.00449221)
            (0.03 0.00499134 0.00499134)
            (0.03 0.00549048 0.00549048)
            (0.03 0.00598961 0.00598961)
            (0.03 0.00648874 0.00648874)
            (0.03 0.00698788 0.00698788)
            (0.03 0.00748701 0.00748701)
            (0.03 0.00798615 0.00798615)
            (0.03 0.00848528 0.00848528)
            (0.03 0.0 0.0)
            (0.03 0.0 0.00070588)
            (0.03 0.0 0.00141176)
            (0.03 0.0 0.00211765)
            (0.03 0.0 0.00282353)
            (0.03 0.0 0.00352941)
            (0.03 0.0 0.00423529)
            (0.03 0.0 0.00494118)
            (0.03 0.0 0.00564706)
            (0.03 0.0 0.00635294)
            (0.03 0.0 0.00705882)
            (0.03 0.0 0.00776471)
            (0.03 0.0 0.00847059)
            (0.03 0.0 0.00917647)
            (0.03 0.0 0.00988235)
            (0.03 0.0 0.01058824)
            (0.03 0.0 0.01129412)
            (0.03 0.0 0.012)
            (0.03 0.0 0.0)
            (0.03 -0.00049913 0.00049913)
            (0.03 -0.00099827 0.00099827)
            (0.03 -0.0014974 0.0014974)
            (0.03 -0.00199654 0.00199654)
            (0.03 -0.00249567 0.00249567)
            (0.03 -0.00299481 0.00299481)
            (0.03 -0.00349394 0.00349394)
            (0.03 -0.00399307 0.00399307)
            (0.03 -0.00449221 0.00449221)
            (0.03 -0.00499134 0.00499134)
            (0.03 -0.00549048 0.00549048)
            (0.03 -0.00598961 0.00598961)
            (0.03 -0.00648874 0.00648874)
            (0.03 -0.00698788 0.00698788)
            (0.03 -0.00748701 0.00748701)
            (0.03 -0.00798615 0.00798615)
            (0.03 -0.00848528 0.00848528)
            (0.03 0.0 0.0)
            (0.03 -0.00070588 0.0)
            (0.03 -0.00141176 0.0)
            (0.03 -0.00211765 0.0)
            (0.03 -0.00282353 0.0)
            (0.03 -0.00352941 0.0)
            (0.03 -0.00423529 0.0)
            (0.03 -0.00494118 0.0)
            (0.03 -0.00564706 0.0)
            (0.03 -0.00635294 0.0)
            (0.03 -0.00705882 0.0)
            (0.03 -0.00776471 0.0)
            (0.03 -0.00847059 0.0)
            (0.03 -0.00917647 0.0)
            (0.03 -0.00988235 0.0)
            (0.03 -0.01058824 0.0)
            (0.03 -0.01129412 0.0)
            (0.03 -0.012 0.0)
            (0.03 0.0 0.0)
            (0.03 -0.00049913 -0.00049913)
            (0.03 -0.00099827 -0.00099827)
            (0.03 -0.0014974 -0.0014974)
            (0.03 -0.00199654 -0.00199654)
            (0.03 -0.00249567 -0.00249567)
            (0.03 -0.00299481 -0.00299481)
            (0.03 -0.00349394 -0.00349394)
            (0.03 -0.00399307 -0.00399307)
            (0.03 -0.00449221 -0.00449221)
            (0.03 -0.00499134 -0.00499134)
            (0.03 -0.00549048 -0.00549048)
            (0.03 -0.00598961 -0.00598961)
            (0.03 -0.00648874 -0.00648874)
            (0.03 -0.00698788 -0.00698788)
            (0.03 -0.00748701 -0.00748701)
            (0.03 -0.00798615 -0.00798615)
            (0.03 -0.00848528 -0.00848528)
            (0.03 0.0 0.0)
            (0.03 0.0 -0.00070588)
            (0.03 0.0 -0.00141176)
            (0.03 0.0 -0.00211765)
            (0.03 0.0 -0.00282353)
            (0.03 0.0 -0.00352941)
            (0.03 0.0 -0.00423529)
            (0.03 0.0 -0.00494118)
            (0.03 0.0 -0.00564706)
            (0.03 0.0 -0.00635294)
            (0.03 0.0 -0.00705882)
            (0.03 0.0 -0.00776471)
            (0.03 0.0 -0.00847059)
            (0.03 0.0 -0.00917647)
            (0.03 0.0 -0.00988235)
            (0.03 0.0 -0.01058824)
            (0.03 0.0 -0.01129412)
            (0.03 0.0 -0.012)
            (0.03 0.0 0.0)
            (0.03 0.00049913 -0.00049913)
            (0.03 0.00099827 -0.00099827)
            (0.03 0.0014974 -0.0014974)
            (0.03 0.00199654 -0.00199654)
            (0.03 0.00249567 -0.00249567)
            (0.03 0.00299481 -0.00299481)
            (0.03 0.00349394 -0.00349394)
            (0.03 0.00399307 -0.00399307)
            (0.03 0.00449221 -0.00449221)
            (0.03 0.00499134 -0.00499134)
            (0.03 0.00549048 -0.00549048)
            (0.03 0.00598961 -0.00598961)
            (0.03 0.00648874 -0.00648874)
            (0.03 0.00698788 -0.00698788)
            (0.03 0.00748701 -0.00748701)
            (0.03 0.00798615 -0.00798615)
            (0.03 0.00848528 -0.00848528)
            (0.0375 0.0 0.0)
            (0.0375 0.00070588 0.0)
            (0.0375 0.00141176 0.0)
            (0.0375 0.00211765 0.0)
            (0.0375 0.00282353 0.0)
            (0.0375 0.00352941 0.0)
            (0.0375 0.00423529 0.0)
            (0.0375 0.00494118 0.0)
            (0.0375 0.00564706 0.0)
            (0.0375 0.00635294 0.0)
            (0.0375 0.00705882 0.0)
            (0.0375 0.00776471 0.0)
            (0.0375 0.00847059 0.0)
            (0.0375 0.00917647 0.0)
            (0.0375 0.00988235 0.0)
            (0.0375 0.01058824 0.0)
            (0.0375 0.01129412 0.0)
            (0.0375 0.012 0.0)
            (0.0375 0.0 0.0)
            (0.0375 0.00049913 0.00049913)
            (0.0375 0.00099827 0.00099827)
            (0.0375 0.0014974 0.0014974)
            (0.0375 0.00199654 0.00199654)
            (0.0375 0.00249567 0.00249567)
            (0.0375 0.00299481 0.00299481)
            (0.0375 0.00349394 0.00349394)
            (0.0375 0.00399307 0.00399307)
            (0.0375 0.00449221 0.00449221)
            (0.0375 0.00499134 0.00499134)
            (0.0375 0.00549048 0.00549048)
            (0.0375 0.00598961 0.00598961)
            (0.0375 0.00648874 0.00648874)
            (0.0375 0.00698788 0.00698788)
            (0.0375 0.00748701 0.00748701)
            (0.0375 0.00798615 0.00798615)
            (0.0375 0.00848528 0.00848528)
            (0.0375 0.0 0.0)
            (0.0375 0.0 0.00070588)
            (0.0375 0.0 0.00141176)
            (0.0375 0.0 0.00211765)
            (0.0375 0.0 0.00282353)
            (0.0375 0.0 0.00352941)
            (0.0375 0.0 0.00423529)
            (0.0375 0.0 0.00494118)
            (0.0375 0.0 0.00564706)
            (0.0375 0.0 0.00635294)
            (0.0375 0.0 0.00705882)
            (0.0375 0.0 0.00776471)
            (0.0375 0.0 0.00847059)
            (0.0375 0.0 0.00917647)
            (0.0375 0.0 0.00988235)
            (0.0375 0.0 0.01058824)
            (0.0375 0.0 0.01129412)
            (0.0375 0.0 0.012)
            (0.0375 0.0 0.0)
            (0.0375 -0.00049913 0.00049913)
            (0.0375 -0.00099827 0.00099827)
            (0.0375 -0.0014974 0.0014974)
            (0.0375 -0.00199654 0.00199654)
            (0.0375 -0.00249567 0.00249567)
            (0.0375 -0.00299481 0.00299481)
            (0.0375 -0.00349394 0.00349394)
            (0.0375 -0.00399307 0.00399307)
            (0.0375 -0.00449221 0.00449221)
            (0.0375 -0.00499134 0.00499134)
            (0.0375 -0.00549048 0.00549048)
            (0.0375 -0.00598961 0.00598961)
            (0.0375 -0.00648874 0.00648874)
            (0.0375 -0.00698788 0.00698788)
            (0.0375 -0.00748701 0.00748701)
            (0.0375 -0.00798615 0.00798615)
            (0.0375 -0.00848528 0.00848528)
            (0.0375 0.0 0.0)
            (0.0375 -0.00070588 0.0)
            (0.0375 -0.00141176 0.0)
            (0.0375 -0.00211765 0.0)
            (0.0375 -0.00282353 0.0)
            (0.0375 -0.00352941 0.0)
            (0.0375 -0.00423529 0.0)
            (0.0375 -0.00494118 0.0)
            (0.0375 -0.00564706 0.0)
            (0.0375 -0.00635294 0.0)
            (0.0375 -0.00705882 0.0)
            (0.0375 -0.00776471 0.0)
            (0.0375 -0.00847059 0.0)
            (0.0375 -0.00917647 0.0)
            (0.0375 -0.00988235 0.0)
            (0.0375 -0.01058824 0.0)
            (0.0375 -0.01129412 0.0)
            (0.0375 -0.012 0.0)
            (0.0375 0.0 0.0)
            (0.0375 -0.00049913 -0.00049913)
            (0.0375 -0.00099827 -0.00099827)
            (0.0375 -0.0014974 -0.0014974)
            (0.0375 -0.00199654 -0.00199654)
            (0.0375 -0.00249567 -0.00249567)
            (0.0375 -0.00299481 -0.00299481)
            (0.0375 -0.00349394 -0.00349394)
            (0.0375 -0.00399307 -0.00399307)
            (0.0375 -0.00449221 -0.00449221)
            (0.0375 -0.00499134 -0.00499134)
            (0.0375 -0.00549048 -0.00549048)
            (0.0375 -0.00598961 -0.00598961)
            (0.0375 -0.00648874 -0.00648874)
            (0.0375 -0.00698788 -0.00698788)
            (0.0375 -0.00748701 -0.00748701)
            (0.0375 -0.00798615 -0.00798615)
            (0.0375 -0.00848528 -0.00848528)
            (0.0375 0.0 0.0)
            (0.0375 0.0 -0.00070588)
            (0.0375 0.0 -0.00141176)
            (0.0375 0.0 -0.00211765)
            (0.0375 0.0 -0.00282353)
            (0.0375 0.0 -0.00352941)
            (0.0375 0.0 -0.00423529)
            (0.0375 0.0 -0.00494118)
            (0.0375 0.0 -0.00564706)
            (0.0375 0.0 -0.00635294)
            (0.0375 0.0 -0.00705882)
            (0.0375 0.0 -0.00776471)
            (0.0375 0.0 -0.00847059)
            (0.0375 0.0 -0.00917647)
            (0.0375 0.0 -0.00988235)
            (0.0375 0.0 -0.01058824)
            (0.0375 0.0 -0.01129412)
            (0.0375 0.0 -0.012)
            (0.0375 0.0 0.0)
            (0.0375 0.00049913 -0.00049913)
            (0.0375 0.00099827 -0.00099827)
            (0.0375 0.0014974 -0.0014974)
            (0.0375 0.00199654 -0.00199654)
            (0.0375 0.00249567 -0.00249567)
            (0.0375 0.00299481 -0.00299481)
            (0.0375 0.00349394 -0.00349394)
            (0.0375 0.00399307 -0.00399307)
            (0.0375 0.00449221 -0.00449221)
            (0.0375 0.00499134 -0.00499134)
            (0.0375 0.00549048 -0.00549048)
            (0.0375 0.00598961 -0.00598961)
            (0.0375 0.00648874 -0.00648874)
            (0.0375 0.00698788 -0.00698788)
            (0.0375 0.00748701 -0.00748701)
            (0.0375 0.00798615 -0.00798615)
            (0.0375 0.00848528 -0.00848528)
            (0.045 0.0 0.0)
            (0.045 0.00070588 0.0)
            (0.045 0.00141176 0.0)
            (0.045 0.00211765 0.0)
            (0.045 0.00282353 0.0)
            (0.045 0.00352941 0.0)
            (0.045 0.00423529 0.0)
            (0.045 0.00494118 0.0)
            (0.045 0.00564706 0.0)
            (0.045 0.00635294 0.0)
            (0.045 0.00705882 0.0)
            (0.045 0.00776471 0.0)
            (0.045 0.00847059 0.0)
            (0.045 0.00917647 0.0)
            (0.045 0.00988235 0.0)
            (0.045 0.01058824 0.0)
            (0.045 0.01129412 0.0)
            (0.045 0.012 0.0)
            (0.045 0.0 0.0)
            (0.045 0.00049913 0.00049913)
            (0.045 0.00099827 0.00099827)
            (0.045 0.0014974 0.0014974)
            (0.045 0.00199654 0.00199654)
            (0.045 0.00249567 0.00249567)
            (0.045 0.00299481 0.00299481)
            (0.045 0.00349394 0.00349394)
            (0.045 0.00399307 0.00399307)
            (0.045 0.00449221 0.00449221)
            (0.045 0.00499134 0.00499134)
            (0.045 0.00549048 0.00549048)
            (0.045 0.00598961 0.00598961)
            (0.045 0.00648874 0.00648874)
            (0.045 0.00698788 0.00698788)
            (0.045 0.00748701 0.00748701)
            (0.045 0.00798615 0.00798615)
            (0.045 0.00848528 0.00848528)
            (0.045 0.0 0.0)
            (0.045 0.0 0.00070588)
            (0.045 0.0 0.00141176)
            (0.045 0.0 0.00211765)
            (0.045 0.0 0.00282353)
            (0.045 0.0 0.00352941)
            (0.045 0.0 0.00423529)
            (0.045 0.0 0.00494118)
            (0.045 0.0 0.00564706)
            (0.045 0.0 0.00635294)
            (0.045 0.0 0.00705882)
            (0.045 0.0 0.00776471)
            (0.045 0.0 0.00847059)
            (0.045 0.0 0.00917647)
            (0.045 0.0 0.00988235)
            (0.045 0.0 0.01058824)
            (0.045 0.0 0.01129412)
            (0.045 0.0 0.012)
            (0.045 0.0 0.0)
            (0.045 -0.00049913 0.00049913)
            (0.045 -0.00099827 0.00099827)
            (0.045 -0.0014974 0.0014974)
            (0.045 -0.00199654 0.00199654)
            (0.045 -0.00249567 0.00249567)
            (0.045 -0.00299481 0.00299481)
            (0.045 -0.00349394 0.00349394)
            (0.045 -0.00399307 0.00399307)
            (0.045 -0.00449221 0.00449221)
            (0.045 -0.00499134 0.00499134)
            (0.045 -0.00549048 0.00549048)
            (0.045 -0.00598961 0.00598961)
            (0.045 -0.00648874 0.00648874)
            (0.045 -0.00698788 0.00698788)
            (0.045 -0.00748701 0.00748701)
            (0.045 -0.00798615 0.00798615)
            (0.045 -0.00848528 0.00848528)
            (0.045 0.0 0.0)
            (0.045 -0.00070588 0.0)
            (0.045 -0.00141176 0.0)
            (0.045 -0.00211765 0.0)
            (0.045 -0.00282353 0.0)
            (0.045 -0.00352941 0.0)
            (0.045 -0.00423529 0.0)
            (0.045 -0.00494118 0.0)
            (0.045 -0.00564706 0.0)
            (0.045 -0.00635294 0.0)
            (0.045 -0.00705882 0.0)
            (0.045 -0.00776471 0.0)
            (0.045 -0.00847059 0.0)
            (0.045 -0.00917647 0.0)
            (0.045 -0.00988235 0.0)
            (0.045 -0.01058824 0.0)
            (0.045 -0.01129412 0.0)
            (0.045 -0.012 0.0)
            (0.045 0.0 0.0)
            (0.045 -0.00049913 -0.00049913)
            (0.045 -0.00099827 -0.00099827)
            (0.045 -0.0014974 -0.0014974)
            (0.045 -0.00199654 -0.00199654)
            (0.045 -0.00249567 -0.00249567)
            (0.045 -0.00299481 -0.00299481)
            (0.045 -0.00349394 -0.00349394)
            (0.045 -0.00399307 -0.00399307)
            (0.045 -0.00449221 -0.00449221)
            (0.045 -0.00499134 -0.00499134)
            (0.045 -0.00549048 -0.00549048)
            (0.045 -0.00598961 -0.00598961)
            (0.045 -0.00648874 -0.00648874)
            (0.045 -0.00698788 -0.00698788)
            (0.045 -0.00748701 -0.00748701)
            (0.045 -0.00798615 -0.00798615)
            (0.045 -0.00848528 -0.00848528)
            (0.045 0.0 0.0)
            (0.045 0.0 -0.00070588)
            (0.045 0.0 -0.00141176)
            (0.045 0.0 -0.00211765)
            (0.045 0.0 -0.00282353)
            (0.045 0.0 -0.00352941)
            (0.045 0.0 -0.00423529)
            (0.045 0.0 -0.00494118)
            (0.045 0.0 -0.00564706)
            (0.045 0.0 -0.00635294)
            (0.045 0.0 -0.00705882)
            (0.045 0.0 -0.00776471)
            (0.045 0.0 -0.00847059)
            (0.045 0.0 -0.00917647)
            (0.045 0.0 -0.00988235)
            (0.045 0.0 -0.01058824)
            (0.045 0.0 -0.01129412)
            (0.045 0.0 -0.012)
            (0.045 0.0 0.0)
            (0.045 0.00049913 -0.00049913)
            (0.045 0.00099827 -0.00099827)
            (0.045 0.0014974 -0.0014974)
            (0.045 0.00199654 -0.00199654)
            (0.045 0.00249567 -0.00249567)
            (0.045 0.00299481 -0.00299481)
            (0.045 0.00349394 -0.00349394)
            (0.045 0.00399307 -0.00399307)
            (0.045 0.00449221 -0.00449221)
            (0.045 0.00499134 -0.00499134)
            (0.045 0.00549048 -0.00549048)
            (0.045 0.00598961 -0.00598961)
            (0.045 0.00648874 -0.00648874)
            (0.045 0.00698788 -0.00698788)
            (0.045 0.00748701 -0.00748701)
            (0.045 0.00798615 -0.00798615)
            (0.045 0.00848528 -0.00848528)
            (0.0525 0.0 0.0)
            (0.0525 0.00070588 0.0)
            (0.0525 0.00141176 0.0)
            (0.0525 0.00211765 0.0)
            (0.0525 0.00282353 0.0)
            (0.0525 0.00352941 0.0)
            (0.0525 0.00423529 0.0)
            (0.0525 0.00494118 0.0)
            (0.0525 0.00564706 0.0)
            (0.0525 0.00635294 0.0)
            (0.0525 0.00705882 0.0)
            (0.0525 0.00776471 0.0)
            (0.0525 0.00847059 0.0)
            (0.0525 0.00917647 0.0)
            (0.0525 0.00988235 0.0)
            (0.0525 0.01058824 0.0)
            (0.0525 0.01129412 0.0)
            (0.0525 0.012 0.0)
            (0.0525 0.0 0.0)
            (0.0525 0.00049913 0.00049913)
            (0.0525 0.00099827 0.00099827)
            (0.0525 0.0014974 0.0014974)
            (0.0525 0.00199654 0.00199654)
            (0.0525 0.00249567 0.00249567)
            (0.0525 0.00299481 0.00299481)
            (0.0525 0.00349394 0.00349394)
            (0.0525 0.00399307 0.00399307)
            (0.0525 0.00449221 0.00449221)
            (0.0525 0.00499134 0.00499134)
            (0.0525 0.00549048 0.00549048)
            (0.0525 0.00598961 0.00598961)
            (0.0525 0.00648874 0.00648874)
            (0.0525 0.00698788 0.00698788)
            (0.0525 0.00748701 0.00748701)
            (0.0525 0.00798615 0.00798615)
            (0.0525 0.00848528 0.00848528)
            (0.0525 0.0 0.0)
            (0.0525 0.0 0.00070588)
            (0.0525 0.0 0.00141176)
            (0.0525 0.0 0.00211765)
            (0.0525 0.0 0.00282353)
            (0.0525 0.0 0.00352941)
            (0.0525 0.0 0.00423529)
            (0.0525 0.0 0.00494118)
            (0.0525 0.0 0.00564706)
            (0.0525 0.0 0.00635294)
            (0.0525 0.0 0.00705882)
            (0.0525 0.0 0.00776471)
            (0.0525 0.0 0.00847059)
            (0.0525 0.0 0.00917647)
            (0.0525 0.0 0.00988235)
            (0.0525 0.0 0.01058824)
            (0.0525 0.0 0.01129412)
            (0.0525 0.0 0.012)
            (0.0525 0.0 0.0)
            (0.0525 -0.00049913 0.00049913)
            (0.0525 -0.00099827 0.00099827)
            (0.0525 -0.0014974 0.0014974)
            (0.0525 -0.00199654 0.00199654)
            (0.0525 -0.00249567 0.00249567)
            (0.0525 -0.00299481 0.00299481)
            (0.0525 -0.00349394 0.00349394)
            (0.0525 -0.00399307 0.00399307)
            (0.0525 -0.00449221 0.00449221)
            (0.0525 -0.00499134 0.00499134)
            (0.0525 -0.00549048 0.00549048)
            (0.0525 -0.00598961 0.00598961)
            (0.0525 -0.00648874 0.00648874)
            (0.0525 -0.00698788 0.00698788)
            (0.0525 -0.00748701 0.00748701)
            (0.0525 -0.00798615 0.00798615)
            (0.0525 -0.00848528 0.00848528)
            (0.0525 0.0 0.0)
            (0.0525 -0.00070588 0.0)
            (0.0525 -0.00141176 0.0)
            (0.0525 -0.00211765 0.0)
            (0.0525 -0.00282353 0.0)
            (0.0525 -0.00352941 0.0)
            (0.0525 -0.00423529 0.0)
            (0.0525 -0.00494118 0.0)
            (0.0525 -0.00564706 0.0)
            (0.0525 -0.00635294 0.0)
            (0.0525 -0.00705882 0.0)
            (0.0525 -0.00776471 0.0)
            (0.0525 -0.00847059 0.0)
            (0.0525 -0.00917647 0.0)
            (0.0525 -0.00988235 0.0)
            (0.0525 -0.01058824 0.0)
            (0.0525 -0.01129412 0.0)
            (0.0525 -0.012 0.0)
            (0.0525 0.0 0.0)
            (0.0525 -0.00049913 -0.00049913)
            (0.0525 -0.00099827 -0.00099827)
            (0.0525 -0.0014974 -0.0014974)
            (0.0525 -0.00199654 -0.00199654)
            (0.0525 -0.00249567 -0.00249567)
            (0.0525 -0.00299481 -0.00299481)
            (0.0525 -0.00349394 -0.00349394)
            (0.0525 -0.00399307 -0.00399307)
            (0.0525 -0.00449221 -0.00449221)
            (0.0525 -0.00499134 -0.00499134)
            (0.0525 -0.00549048 -0.00549048)
            (0.0525 -0.00598961 -0.00598961)
            (0.0525 -0.00648874 -0.00648874)
            (0.0525 -0.00698788 -0.00698788)
            (0.0525 -0.00748701 -0.00748701)
            (0.0525 -0.00798615 -0.00798615)
            (0.0525 -0.00848528 -0.00848528)
            (0.0525 0.0 0.0)
            (0.0525 0.0 -0.00070588)
            (0.0525 0.0 -0.00141176)
            (0.0525 0.0 -0.00211765)
            (0.0525 0.0 -0.00282353)
            (0.0525 0.0 -0.00352941)
            (0.0525 0.0 -0.00423529)
            (0.0525 0.0 -0.00494118)
            (0.0525 0.0 -0.00564706)
            (0.0525 0.0 -0.00635294)
            (0.0525 0.0 -0.00705882)
            (0.0525 0.0 -0.00776471)
            (0.0525 0.0 -0.00847059)
            (0.0525 0.0 -0.00917647)
            (0.0525 0.0 -0.00988235)
            (0.0525 0.0 -0.01058824)
            (0.0525 0.0 -0.01129412)
            (0.0525 0.0 -0.012)
            (0.0525 0.0 0.0)
            (0.0525 0.00049913 -0.00049913)
            (0.0525 0.00099827 -0.00099827)
            (0.0525 0.0014974 -0.0014974)
            (0.0525 0.00199654 -0.00199654)
            (0.0525 0.00249567 -0.00249567)
            (0.0525 0.00299481 -0.00299481)
            (0.0525 0.00349394 -0.00349394)
            (0.0525 0.00399307 -0.00399307)
            (0.0525 0.00449221 -0.00449221)
            (0.0525 0.00499134 -0.00499134)
            (0.0525 0.00549048 -0.00549048)
            (0.0525 0.00598961 -0.00598961)
            (0.0525 0.00648874 -0.00648874)
            (0.0525 0.00698788 -0.00698788)
            (0.0525 0.00748701 -0.00748701)
            (0.0525 0.00798615 -0.00798615)
            (0.0525 0.00848528 -0.00848528)
            (0.06 0.0 0.0)
            (0.06 0.00070588 0.0)
            (0.06 0.00141176 0.0)
            (0.06 0.00211765 0.0)
            (0.06 0.00282353 0.0)
            (0.06 0.00352941 0.0)
            (0.06 0.00423529 0.0)
            (0.06 0.00494118 0.0)
            (0.06 0.00564706 0.0)
            (0.06 0.00635294 0.0)
            (0.06 0.00705882 0.0)
            (0.06 0.00776471 0.0)
            (0.06 0.00847059 0.0)
            (0.06 0.00917647 0.0)
            (0.06 0.00988235 0.0)
            (0.06 0.01058824 0.0)
            (0.06 0.01129412 0.0)
            (0.06 0.012 0.0)
            (0.06 0.0 0.0)
            (0.06 0.00049913 0.00049913)
            (0.06 0.00099827 0.00099827)
            (0.06 0.0014974 0.0014974)
            (0.06 0.00199654 0.00199654)
            (0.06 0.00249567 0.00249567)
            (0.06 0.00299481 0.00299481)
            (0.06 0.00349394 0.00349394)
            (0.06 0.00399307 0.00399307)
            (0.06 0.00449221 0.00449221)
            (0.06 0.00499134 0.00499134)
            (0.06 0.00549048 0.00549048)
            (0.06 0.00598961 0.00598961)
            (0.06 0.00648874 0.00648874)
            (0.06 0.00698788 0.00698788)
            (0.06 0.00748701 0.00748701)
            (0.06 0.00798615 0.00798615)
            (0.06 0.00848528 0.00848528)
            (0.06 0.0 0.0)
            (0.06 0.0 0.00070588)
            (0.06 0.0 0.00141176)
            (0.06 0.0 0.00211765)
            (0.06 0.0 0.00282353)
            (0.06 0.0 0.00352941)
            (0.06 0.0 0.00423529)
            (0.06 0.0 0.00494118)
            (0.06 0.0 0.00564706)
            (0.06 0.0 0.00635294)
            (0.06 0.0 0.00705882)
            (0.06 0.0 0.00776471)
            (0.06 0.0 0.00847059)
            (0.06 0.0 0.00917647)
            (0.06 0.0 0.00988235)
            (0.06 0.0 0.01058824)
            (0.06 0.0 0.01129412)
            (0.06 0.0 0.012)
            (0.06 0.0 0.0)
            (0.06 -0.00049913 0.00049913)
            (0.06 -0.00099827 0.00099827)
            (0.06 -0.0014974 0.0014974)
            (0.06 -0.00199654 0.00199654)
            (0.06 -0.00249567 0.00249567)
            (0.06 -0.00299481 0.00299481)
            (0.06 -0.00349394 0.00349394)
            (0.06 -0.00399307 0.00399307)
            (0.06 -0.00449221 0.00449221)
            (0.06 -0.00499134 0.00499134)
            (0.06 -0.00549048 0.00549048)
            (0.06 -0.00598961 0.00598961)
            (0.06 -0.00648874 0.00648874)
            (0.06 -0.00698788 0.00698788)
            (0.06 -0.00748701 0.00748701)
            (0.06 -0.00798615 0.00798615)
            (0.06 -0.00848528 0.00848528)
            (0.06 0.0 0.0)
            (0.06 -0.00070588 0.0)
            (0.06 -0.00141176 0.0)
            (0.06 -0.00211765 0.0)
            (0.06 -0.00282353 0.0)
            (0.06 -0.00352941 0.0)
            (0.06 -0.00423529 0.0)
            (0.06 -0.00494118 0.0)
            (0.06 -0.00564706 0.0)
            (0.06 -0.00635294 0.0)
            (0.06 -0.00705882 0.0)
            (0.06 -0.00776471 0.0)
            (0.06 -0.00847059 0.0)
            (0.06 -0.00917647 0.0)
            (0.06 -0.00988235 0.0)
            (0.06 -0.01058824 0.0)
            (0.06 -0.01129412 0.0)
            (0.06 -0.012 0.0)
            (0.06 0.0 0.0)
            (0.06 -0.00049913 -0.00049913)
            (0.06 -0.00099827 -0.00099827)
            (0.06 -0.0014974 -0.0014974)
            (0.06 -0.00199654 -0.00199654)
            (0.06 -0.00249567 -0.00249567)
            (0.06 -0.00299481 -0.00299481)
            (0.06 -0.00349394 -0.00349394)
            (0.06 -0.00399307 -0.00399307)
            (0.06 -0.00449221 -0.00449221)
            (0.06 -0.00499134 -0.00499134)
            (0.06 -0.00549048 -0.00549048)
            (0.06 -0.00598961 -0.00598961)
            (0.06 -0.00648874 -0.00648874)
            (0.06 -0.00698788 -0.00698788)
            (0.06 -0.00748701 -0.00748701)
            (0.06 -0.00798615 -0.00798615)
            (0.06 -0.00848528 -0.00848528)
            (0.06 0.0 0.0)
            (0.06 0.0 -0.00070588)
            (0.06 0.0 -0.00141176)
            (0.06 0.0 -0.00211765)
            (0.06 0.0 -0.00282353)
            (0.06 0.0 -0.00352941)
            (0.06 0.0 -0.00423529)
            (0.06 0.0 -0.00494118)
            (0.06 0.0 -0.00564706)
            (0.06 0.0 -0.00635294)
            (0.06 0.0 -0.00705882)
            (0.06 0.0 -0.00776471)
            (0.06 0.0 -0.00847059)
            (0.06 0.0 -0.00917647)
            (0.06 0.0 -0.00988235)
            (0.06 0.0 -0.01058824)
            (0.06 0.0 -0.01129412)
            (0.06 0.0 -0.012)
            (0.06 0.0 0.0)
            (0.06 0.00049913 -0.00049913)
            (0.06 0.00099827 -0.00099827)
            (0.06 0.0014974 -0.0014974)
            (0.06 0.00199654 -0.00199654)
            (0.06 0.00249567 -0.00249567)
            (0.06 0.00299481 -0.00299481)
            (0.06 0.00349394 -0.00349394)
            (0.06 0.00399307 -0.00399307)
            (0.06 0.00449221 -0.00449221)
            (0.06 0.00499134 -0.00499134)
            (0.06 0.00549048 -0.00549048)
            (0.06 0.00598961 -0.00598961)
            (0.06 0.00648874 -0.00648874)
            (0.06 0.00698788 -0.00698788)
            (0.06 0.00748701 -0.00748701)
            (0.06 0.00798615 -0.00798615)
            (0.06 0.00848528 -0.00848528)
            (0.0675 0.0 0.0)
            (0.0675 0.00070588 0.0)
            (0.0675 0.00141176 0.0)
            (0.0675 0.00211765 0.0)
            (0.0675 0.00282353 0.0)
            (0.0675 0.00352941 0.0)
            (0.0675 0.00423529 0.0)
            (0.0675 0.00494118 0.0)
            (0.0675 0.00564706 0.0)
            (0.0675 0.00635294 0.0)
            (0.0675 0.00705882 0.0)
            (0.0675 0.00776471 0.0)
            (0.0675 0.00847059 0.0)
            (0.0675 0.00917647 0.0)
            (0.0675 0.00988235 0.0)
            (0.0675 0.01058824 0.0)
            (0.0675 0.01129412 0.0)
            (0.0675 0.012 0.0)
            (0.0675 0.0 0.0)
            (0.0675 0.00049913 0.00049913)
            (0.0675 0.00099827 0.00099827)
            (0.0675 0.0014974 0.0014974)
            (0.0675 0.00199654 0.00199654)
            (0.0675 0.00249567 0.00249567)
            (0.0675 0.00299481 0.00299481)
            (0.0675 0.00349394 0.00349394)
            (0.0675 0.00399307 0.00399307)
            (0.0675 0.00449221 0.00449221)
            (0.0675 0.00499134 0.00499134)
            (0.0675 0.00549048 0.00549048)
            (0.0675 0.00598961 0.00598961)
            (0.0675 0.00648874 0.00648874)
            (0.0675 0.00698788 0.00698788)
            (0.0675 0.00748701 0.00748701)
            (0.0675 0.00798615 0.00798615)
            (0.0675 0.00848528 0.00848528)
            (0.0675 0.0 0.0)
            (0.0675 0.0 0.00070588)
            (0.0675 0.0 0.00141176)
            (0.0675 0.0 0.00211765)
            (0.0675 0.0 0.00282353)
            (0.0675 0.0 0.00352941)
            (0.0675 0.0 0.00423529)
            (0.0675 0.0 0.00494118)
            (0.0675 0.0 0.00564706)
            (0.0675 0.0 0.00635294)
            (0.0675 0.0 0.00705882)
            (0.0675 0.0 0.00776471)
            (0.0675 0.0 0.00847059)
            (0.0675 0.0 0.00917647)
            (0.0675 0.0 0.00988235)
            (0.0675 0.0 0.01058824)
            (0.0675 0.0 0.01129412)
            (0.0675 0.0 0.012)
            (0.0675 0.0 0.0)
            (0.0675 -0.00049913 0.00049913)
            (0.0675 -0.00099827 0.00099827)
            (0.0675 -0.0014974 0.0014974)
            (0.0675 -0.00199654 0.00199654)
            (0.0675 -0.00249567 0.00249567)
            (0.0675 -0.00299481 0.00299481)
            (0.0675 -0.00349394 0.00349394)
            (0.0675 -0.00399307 0.00399307)
            (0.0675 -0.00449221 0.00449221)
            (0.0675 -0.00499134 0.00499134)
            (0.0675 -0.00549048 0.00549048)
            (0.0675 -0.00598961 0.00598961)
            (0.0675 -0.00648874 0.00648874)
            (0.0675 -0.00698788 0.00698788)
            (0.0675 -0.00748701 0.00748701)
            (0.0675 -0.00798615 0.00798615)
            (0.0675 -0.00848528 0.00848528)
            (0.0675 0.0 0.0)
            (0.0675 -0.00070588 0.0)
            (0.0675 -0.00141176 0.0)
            (0.0675 -0.00211765 0.0)
            (0.0675 -0.00282353 0.0)
            (0.0675 -0.00352941 0.0)
            (0.0675 -0.00423529 0.0)
            (0.0675 -0.00494118 0.0)
            (0.0675 -0.00564706 0.0)
            (0.0675 -0.00635294 0.0)
            (0.0675 -0.00705882 0.0)
            (0.0675 -0.00776471 0.0)
            (0.0675 -0.00847059 0.0)
            (0.0675 -0.00917647 0.0)
            (0.0675 -0.00988235 0.0)
            (0.0675 -0.01058824 0.0)
            (0.0675 -0.01129412 0.0)
            (0.0675 -0.012 0.0)
            (0.0675 0.0 0.0)
            (0.0675 -0.00049913 -0.00049913)
            (0.0675 -0.00099827 -0.00099827)
            (0.0675 -0.0014974 -0.0014974)
            (0.0675 -0.00199654 -0.00199654)
            (0.0675 -0.00249567 -0.00249567)
            (0.0675 -0.00299481 -0.00299481)
            (0.0675 -0.00349394 -0.00349394)
            (0.0675 -0.00399307 -0.00399307)
            (0.0675 -0.00449221 -0.00449221)
            (0.0675 -0.00499134 -0.00499134)
            (0.0675 -0.00549048 -0.00549048)
            (0.0675 -0.00598961 -0.00598961)
            (0.0675 -0.00648874 -0.00648874)
            (0.0675 -0.00698788 -0.00698788)
            (0.0675 -0.00748701 -0.00748701)
            (0.0675 -0.00798615 -0.00798615)
            (0.0675 -0.00848528 -0.00848528)
            (0.0675 0.0 0.0)
            (0.0675 0.0 -0.00070588)
            (0.0675 0.0 -0.00141176)
            (0.0675 0.0 -0.00211765)
            (0.0675 0.0 -0.00282353)
            (0.0675 0.0 -0.00352941)
            (0.0675 0.0 -0.00423529)
            (0.0675 0.0 -0.00494118)
            (0.0675 0.0 -0.00564706)
            (0.0675 0.0 -0.00635294)
            (0.0675 0.0 -0.00705882)
            (0.0675 0.0 -0.00776471)
            (0.0675 0.0 -0.00847059)
            (0.0675 0.0 -0.00917647)
            (0.0675 0.0 -0.00988235)
            (0.0675 0.0 -0.01058824)
            (0.0675 0.0 -0.01129412)
            (0.0675 0.0 -0.012)
            (0.0675 0.0 0.0)
            (0.0675 0.00049913 -0.00049913)
            (0.0675 0.00099827 -0.00099827)
            (0.0675 0.0014974 -0.0014974)
            (0.0675 0.00199654 -0.00199654)
            (0.0675 0.00249567 -0.00249567)
            (0.0675 0.00299481 -0.00299481)
            (0.0675 0.00349394 -0.00349394)
            (0.0675 0.00399307 -0.00399307)
            (0.0675 0.00449221 -0.00449221)
            (0.0675 0.00499134 -0.00499134)
            (0.0675 0.00549048 -0.00549048)
            (0.0675 0.00598961 -0.00598961)
            (0.0675 0.00648874 -0.00648874)
            (0.0675 0.00698788 -0.00698788)
            (0.0675 0.00748701 -0.00748701)
            (0.0675 0.00798615 -0.00798615)
            (0.0675 0.00848528 -0.00848528)
            (0.075 0.0 0.0)
            (0.075 0.00070588 0.0)
            (0.075 0.00141176 0.0)
            (0.075 0.00211765 0.0)
            (0.075 0.00282353 0.0)
            (0.075 0.00352941 0.0)
            (0.075 0.00423529 0.0)
            (0.075 0.00494118 0.0)
            (0.075 0.00564706 0.0)
            (0.075 0.00635294 0.0)
            (0.075 0.00705882 0.0)
            (0.075 0.00776471 0.0)
            (0.075 0.00847059 0.0)
            (0.075 0.00917647 0.0)
            (0.075 0.00988235 0.0)
            (0.075 0.01058824 0.0)
            (0.075 0.01129412 0.0)
            (0.075 0.012 0.0)
            (0.075 0.0 0.0)
            (0.075 0.00049913 0.00049913)
            (0.075 0.00099827 0.00099827)
            (0.075 0.0014974 0.0014974)
            (0.075 0.00199654 0.00199654)
            (0.075 0.00249567 0.00249567)
            (0.075 0.00299481 0.00299481)
            (0.075 0.00349394 0.00349394)
            (0.075 0.00399307 0.00399307)
            (0.075 0.00449221 0.00449221)
            (0.075 0.00499134 0.00499134)
            (0.075 0.00549048 0.00549048)
            (0.075 0.00598961 0.00598961)
            (0.075 0.00648874 0.00648874)
            (0.075 0.00698788 0.00698788)
            (0.075 0.00748701 0.00748701)
            (0.075 0.00798615 0.00798615)
            (0.075 0.00848528 0.00848528)
            (0.075 0.0 0.0)
            (0.075 0.0 0.00070588)
            (0.075 0.0 0.00141176)
            (0.075 0.0 0.00211765)
            (0.075 0.0 0.00282353)
            (0.075 0.0 0.00352941)
            (0.075 0.0 0.00423529)
            (0.075 0.0 0.00494118)
            (0.075 0.0 0.00564706)
            (0.075 0.0 0.00635294)
            (0.075 0.0 0.00705882)
            (0.075 0.0 0.00776471)
            (0.075 0.0 0.00847059)
            (0.075 0.0 0.00917647)
            (0.075 0.0 0.00988235)
            (0.075 0.0 0.01058824)
            (0.075 0.0 0.01129412)
            (0.075 0.0 0.012)
            (0.075 0.0 0.0)
            (0.075 -0.00049913 0.00049913)
            (0.075 -0.00099827 0.00099827)
            (0.075 -0.0014974 0.0014974)
            (0.075 -0.00199654 0.00199654)
            (0.075 -0.00249567 0.00249567)
            (0.075 -0.00299481 0.00299481)
            (0.075 -0.00349394 0.00349394)
            (0.075 -0.00399307 0.00399307)
            (0.075 -0.00449221 0.00449221)
            (0.075 -0.00499134 0.00499134)
            (0.075 -0.00549048 0.00549048)
            (0.075 -0.00598961 0.00598961)
            (0.075 -0.00648874 0.00648874)
            (0.075 -0.00698788 0.00698788)
            (0.075 -0.00748701 0.00748701)
            (0.075 -0.00798615 0.00798615)
            (0.075 -0.00848528 0.00848528)
            (0.075 0.0 0.0)
            (0.075 -0.00070588 0.0)
            (0.075 -0.00141176 0.0)
            (0.075 -0.00211765 0.0)
            (0.075 -0.00282353 0.0)
            (0.075 -0.00352941 0.0)
            (0.075 -0.00423529 0.0)
            (0.075 -0.00494118 0.0)
            (0.075 -0.00564706 0.0)
            (0.075 -0.00635294 0.0)
            (0.075 -0.00705882 0.0)
            (0.075 -0.00776471 0.0)
            (0.075 -0.00847059 0.0)
            (0.075 -0.00917647 0.0)
            (0.075 -0.00988235 0.0)
            (0.075 -0.01058824 0.0)
            (0.075 -0.01129412 0.0)
            (0.075 -0.012 0.0)
            (0.075 0.0 0.0)
            (0.075 -0.00049913 -0.00049913)
            (0.075 -0.00099827 -0.00099827)
            (0.075 -0.0014974 -0.0014974)
            (0.075 -0.00199654 -0.00199654)
            (0.075 -0.00249567 -0.00249567)
            (0.075 -0.00299481 -0.00299481)
            (0.075 -0.00349394 -0.00349394)
            (0.075 -0.00399307 -0.00399307)
            (0.075 -0.00449221 -0.00449221)
            (0.075 -0.00499134 -0.00499134)
            (0.075 -0.00549048 -0.00549048)
            (0.075 -0.00598961 -0.00598961)
            (0.075 -0.00648874 -0.00648874)
            (0.075 -0.00698788 -0.00698788)
            (0.075 -0.00748701 -0.00748701)
            (0.075 -0.00798615 -0.00798615)
            (0.075 -0.00848528 -0.00848528)
            (0.075 0.0 0.0)
            (0.075 0.0 -0.00070588)
            (0.075 0.0 -0.00141176)
            (0.075 0.0 -0.00211765)
            (0.075 0.0 -0.00282353)
            (0.075 0.0 -0.00352941)
            (0.075 0.0 -0.00423529)
            (0.075 0.0 -0.00494118)
            (0.075 0.0 -0.00564706)
            (0.075 0.0 -0.00635294)
            (0.075 0.0 -0.00705882)
            (0.075 0.0 -0.00776471)
            (0.075 0.0 -0.00847059)
            (0.075 0.0 -0.00917647)
            (0.075 0.0 -0.00988235)
            (0.075 0.0 -0.01058824)
            (0.075 0.0 -0.01129412)
            (0.075 0.0 -0.012)
            (0.075 0.0 0.0)
            (0.075 0.00049913 -0.00049913)
            (0.075 0.00099827 -0.00099827)
            (0.075 0.0014974 -0.0014974)
            (0.075 0.00199654 -0.00199654)
            (0.075 0.00249567 -0.00249567)
            (0.075 0.00299481 -0.00299481)
            (0.075 0.00349394 -0.00349394)
            (0.075 0.00399307 -0.00399307)
            (0.075 0.00449221 -0.00449221)
            (0.075 0.00499134 -0.00499134)
            (0.075 0.00549048 -0.00549048)
            (0.075 0.00598961 -0.00598961)
            (0.075 0.00648874 -0.00648874)
            (0.075 0.00698788 -0.00698788)
            (0.075 0.00748701 -0.00748701)
            (0.075 0.00798615 -0.00798615)
            (0.075 0.00848528 -0.00848528)
            (0.1125 0.0 0.0)
            (0.1125 0.00070588 0.0)
            (0.1125 0.00141176 0.0)
            (0.1125 0.00211765 0.0)
            (0.1125 0.00282353 0.0)
            (0.1125 0.00352941 0.0)
            (0.1125 0.00423529 0.0)
            (0.1125 0.00494118 0.0)
            (0.1125 0.00564706 0.0)
            (0.1125 0.00635294 0.0)
            (0.1125 0.00705882 0.0)
            (0.1125 0.00776471 0.0)
            (0.1125 0.00847059 0.0)
            (0.1125 0.00917647 0.0)
            (0.1125 0.00988235 0.0)
            (0.1125 0.01058824 0.0)
            (0.1125 0.01129412 0.0)
            (0.1125 0.012 0.0)
            (0.1125 0.0 0.0)
            (0.1125 0.00049913 0.00049913)
            (0.1125 0.00099827 0.00099827)
            (0.1125 0.0014974 0.0014974)
            (0.1125 0.00199654 0.00199654)
            (0.1125 0.00249567 0.00249567)
            (0.1125 0.00299481 0.00299481)
            (0.1125 0.00349394 0.00349394)
            (0.1125 0.00399307 0.00399307)
            (0.1125 0.00449221 0.00449221)
            (0.1125 0.00499134 0.00499134)
            (0.1125 0.00549048 0.00549048)
            (0.1125 0.00598961 0.00598961)
            (0.1125 0.00648874 0.00648874)
            (0.1125 0.00698788 0.00698788)
            (0.1125 0.00748701 0.00748701)
            (0.1125 0.00798615 0.00798615)
            (0.1125 0.00848528 0.00848528)
            (0.1125 0.0 0.0)
            (0.1125 0.0 0.00070588)
            (0.1125 0.0 0.00141176)
            (0.1125 0.0 0.00211765)
            (0.1125 0.0 0.00282353)
            (0.1125 0.0 0.00352941)
            (0.1125 0.0 0.00423529)
            (0.1125 0.0 0.00494118)
            (0.1125 0.0 0.00564706)
            (0.1125 0.0 0.00635294)
            (0.1125 0.0 0.00705882)
            (0.1125 0.0 0.00776471)
            (0.1125 0.0 0.00847059)
            (0.1125 0.0 0.00917647)
            (0.1125 0.0 0.00988235)
            (0.1125 0.0 0.01058824)
            (0.1125 0.0 0.01129412)
            (0.1125 0.0 0.012)
            (0.1125 0.0 0.0)
            (0.1125 -0.00049913 0.00049913)
            (0.1125 -0.00099827 0.00099827)
            (0.1125 -0.0014974 0.0014974)
            (0.1125 -0.00199654 0.00199654)
            (0.1125 -0.00249567 0.00249567)
            (0.1125 -0.00299481 0.00299481)
            (0.1125 -0.00349394 0.00349394)
            (0.1125 -0.00399307 0.00399307)
            (0.1125 -0.00449221 0.00449221)
            (0.1125 -0.00499134 0.00499134)
            (0.1125 -0.00549048 0.00549048)
            (0.1125 -0.00598961 0.00598961)
            (0.1125 -0.00648874 0.00648874)
            (0.1125 -0.00698788 0.00698788)
            (0.1125 -0.00748701 0.00748701)
            (0.1125 -0.00798615 0.00798615)
            (0.1125 -0.00848528 0.00848528)
            (0.1125 0.0 0.0)
            (0.1125 -0.00070588 0.0)
            (0.1125 -0.00141176 0.0)
            (0.1125 -0.00211765 0.0)
            (0.1125 -0.00282353 0.0)
            (0.1125 -0.00352941 0.0)
            (0.1125 -0.00423529 0.0)
            (0.1125 -0.00494118 0.0)
            (0.1125 -0.00564706 0.0)
            (0.1125 -0.00635294 0.0)
            (0.1125 -0.00705882 0.0)
            (0.1125 -0.00776471 0.0)
            (0.1125 -0.00847059 0.0)
            (0.1125 -0.00917647 0.0)
            (0.1125 -0.00988235 0.0)
            (0.1125 -0.01058824 0.0)
            (0.1125 -0.01129412 0.0)
            (0.1125 -0.012 0.0)
            (0.1125 0.0 0.0)
            (0.1125 -0.00049913 -0.00049913)
            (0.1125 -0.00099827 -0.00099827)
            (0.1125 -0.0014974 -0.0014974)
            (0.1125 -0.00199654 -0.00199654)
            (0.1125 -0.00249567 -0.00249567)
            (0.1125 -0.00299481 -0.00299481)
            (0.1125 -0.00349394 -0.00349394)
            (0.1125 -0.00399307 -0.00399307)
            (0.1125 -0.00449221 -0.00449221)
            (0.1125 -0.00499134 -0.00499134)
            (0.1125 -0.00549048 -0.00549048)
            (0.1125 -0.00598961 -0.00598961)
            (0.1125 -0.00648874 -0.00648874)
            (0.1125 -0.00698788 -0.00698788)
            (0.1125 -0.00748701 -0.00748701)
            (0.1125 -0.00798615 -0.00798615)
            (0.1125 -0.00848528 -0.00848528)
            (0.1125 0.0 0.0)
            (0.1125 0.0 -0.00070588)
            (0.1125 0.0 -0.00141176)
            (0.1125 0.0 -0.00211765)
            (0.1125 0.0 -0.00282353)
            (0.1125 0.0 -0.00352941)
            (0.1125 0.0 -0.00423529)
            (0.1125 0.0 -0.00494118)
            (0.1125 0.0 -0.00564706)
            (0.1125 0.0 -0.00635294)
            (0.1125 0.0 -0.00705882)
            (0.1125 0.0 -0.00776471)
            (0.1125 0.0 -0.00847059)
            (0.1125 0.0 -0.00917647)
            (0.1125 0.0 -0.00988235)
            (0.1125 0.0 -0.01058824)
            (0.1125 0.0 -0.01129412)
            (0.1125 0.0 -0.012)
            (0.1125 0.0 0.0)
            (0.1125 0.00049913 -0.00049913)
            (0.1125 0.00099827 -0.00099827)
            (0.1125 0.0014974 -0.0014974)
            (0.1125 0.00199654 -0.00199654)
            (0.1125 0.00249567 -0.00249567)
            (0.1125 0.00299481 -0.00299481)
            (0.1125 0.00349394 -0.00349394)
            (0.1125 0.00399307 -0.00399307)
            (0.1125 0.00449221 -0.00449221)
            (0.1125 0.00499134 -0.00499134)
            (0.1125 0.00549048 -0.00549048)
            (0.1125 0.00598961 -0.00598961)
            (0.1125 0.00648874 -0.00648874)
            (0.1125 0.00698788 -0.00698788)
            (0.1125 0.00748701 -0.00748701)
            (0.1125 0.00798615 -0.00798615)
            (0.1125 0.00848528 -0.00848528)
            (0.15 0.0 0.0)
            (0.15 0.00070588 0.0)
            (0.15 0.00141176 0.0)
            (0.15 0.00211765 0.0)
            (0.15 0.00282353 0.0)
            (0.15 0.00352941 0.0)
            (0.15 0.00423529 0.0)
            (0.15 0.00494118 0.0)
            (0.15 0.00564706 0.0)
            (0.15 0.00635294 0.0)
            (0.15 0.00705882 0.0)
            (0.15 0.00776471 0.0)
            (0.15 0.00847059 0.0)
            (0.15 0.00917647 0.0)
            (0.15 0.00988235 0.0)
            (0.15 0.01058824 0.0)
            (0.15 0.01129412 0.0)
            (0.15 0.012 0.0)
            (0.15 0.0 0.0)
            (0.15 0.00049913 0.00049913)
            (0.15 0.00099827 0.00099827)
            (0.15 0.0014974 0.0014974)
            (0.15 0.00199654 0.00199654)
            (0.15 0.00249567 0.00249567)
            (0.15 0.00299481 0.00299481)
            (0.15 0.00349394 0.00349394)
            (0.15 0.00399307 0.00399307)
            (0.15 0.00449221 0.00449221)
            (0.15 0.00499134 0.00499134)
            (0.15 0.00549048 0.00549048)
            (0.15 0.00598961 0.00598961)
            (0.15 0.00648874 0.00648874)
            (0.15 0.00698788 0.00698788)
            (0.15 0.00748701 0.00748701)
            (0.15 0.00798615 0.00798615)
            (0.15 0.00848528 0.00848528)
            (0.15 0.0 0.0)
            (0.15 0.0 0.00070588)
            (0.15 0.0 0.00141176)
            (0.15 0.0 0.00211765)
            (0.15 0.0 0.00282353)
            (0.15 0.0 0.00352941)
            (0.15 0.0 0.00423529)
            (0.15 0.0 0.00494118)
            (0.15 0.0 0.00564706)
            (0.15 0.0 0.00635294)
            (0.15 0.0 0.00705882)
            (0.15 0.0 0.00776471)
            (0.15 0.0 0.00847059)
            (0.15 0.0 0.00917647)
            (0.15 0.0 0.00988235)
            (0.15 0.0 0.01058824)
            (0.15 0.0 0.01129412)
            (0.15 0.0 0.012)
            (0.15 0.0 0.0)
            (0.15 -0.00049913 0.00049913)
            (0.15 -0.00099827 0.00099827)
            (0.15 -0.0014974 0.0014974)
            (0.15 -0.00199654 0.00199654)
            (0.15 -0.00249567 0.00249567)
            (0.15 -0.00299481 0.00299481)
            (0.15 -0.00349394 0.00349394)
            (0.15 -0.00399307 0.00399307)
            (0.15 -0.00449221 0.00449221)
            (0.15 -0.00499134 0.00499134)
            (0.15 -0.00549048 0.00549048)
            (0.15 -0.00598961 0.00598961)
            (0.15 -0.00648874 0.00648874)
            (0.15 -0.00698788 0.00698788)
            (0.15 -0.00748701 0.00748701)
            (0.15 -0.00798615 0.00798615)
            (0.15 -0.00848528 0.00848528)
            (0.15 0.0 0.0)
            (0.15 -0.00070588 0.0)
            (0.15 -0.00141176 0.0)
            (0.15 -0.00211765 0.0)
            (0.15 -0.00282353 0.0)
            (0.15 -0.00352941 0.0)
            (0.15 -0.00423529 0.0)
            (0.15 -0.00494118 0.0)
            (0.15 -0.00564706 0.0)
            (0.15 -0.00635294 0.0)
            (0.15 -0.00705882 0.0)
            (0.15 -0.00776471 0.0)
            (0.15 -0.00847059 0.0)
            (0.15 -0.00917647 0.0)
            (0.15 -0.00988235 0.0)
            (0.15 -0.01058824 0.0)
            (0.15 -0.01129412 0.0)
            (0.15 -0.012 0.0)
            (0.15 0.0 0.0)
            (0.15 -0.00049913 -0.00049913)
            (0.15 -0.00099827 -0.00099827)
            (0.15 -0.0014974 -0.0014974)
            (0.15 -0.00199654 -0.00199654)
            (0.15 -0.00249567 -0.00249567)
            (0.15 -0.00299481 -0.00299481)
            (0.15 -0.00349394 -0.00349394)
            (0.15 -0.00399307 -0.00399307)
            (0.15 -0.00449221 -0.00449221)
            (0.15 -0.00499134 -0.00499134)
            (0.15 -0.00549048 -0.00549048)
            (0.15 -0.00598961 -0.00598961)
            (0.15 -0.00648874 -0.00648874)
            (0.15 -0.00698788 -0.00698788)
            (0.15 -0.00748701 -0.00748701)
            (0.15 -0.00798615 -0.00798615)
            (0.15 -0.00848528 -0.00848528)
            (0.15 0.0 0.0)
            (0.15 0.0 -0.00070588)
            (0.15 0.0 -0.00141176)
            (0.15 0.0 -0.00211765)
            (0.15 0.0 -0.00282353)
            (0.15 0.0 -0.00352941)
            (0.15 0.0 -0.00423529)
            (0.15 0.0 -0.00494118)
            (0.15 0.0 -0.00564706)
            (0.15 0.0 -0.00635294)
            (0.15 0.0 -0.00705882)
            (0.15 0.0 -0.00776471)
            (0.15 0.0 -0.00847059)
            (0.15 0.0 -0.00917647)
            (0.15 0.0 -0.00988235)
            (0.15 0.0 -0.01058824)
            (0.15 0.0 -0.01129412)
            (0.15 0.0 -0.012)
            (0.15 0.0 0.0)
            (0.15 0.00049913 -0.00049913)
            (0.15 0.00099827 -0.00099827)
            (0.15 0.0014974 -0.0014974)
            (0.15 0.00199654 -0.00199654)
            (0.15 0.00249567 -0.00249567)
            (0.15 0.00299481 -0.00299481)
            (0.15 0.00349394 -0.00349394)
            (0.15 0.00399307 -0.00399307)
            (0.15 0.00449221 -0.00449221)
            (0.15 0.00499134 -0.00499134)
            (0.15 0.00549048 -0.00549048)
            (0.15 0.00598961 -0.00598961)
            (0.15 0.00648874 -0.00648874)
            (0.15 0.00698788 -0.00698788)
            (0.15 0.00748701 -0.00748701)
            (0.15 0.00798615 -0.00798615)
            (0.15 0.00848528 -0.00848528)
            (0.1875 0.0 0.0)
            (0.1875 0.00070588 0.0)
            (0.1875 0.00141176 0.0)
            (0.1875 0.00211765 0.0)
            (0.1875 0.00282353 0.0)
            (0.1875 0.00352941 0.0)
            (0.1875 0.00423529 0.0)
            (0.1875 0.00494118 0.0)
            (0.1875 0.00564706 0.0)
            (0.1875 0.00635294 0.0)
            (0.1875 0.00705882 0.0)
            (0.1875 0.00776471 0.0)
            (0.1875 0.00847059 0.0)
            (0.1875 0.00917647 0.0)
            (0.1875 0.00988235 0.0)
            (0.1875 0.01058824 0.0)
            (0.1875 0.01129412 0.0)
            (0.1875 0.012 0.0)
            (0.1875 0.0 0.0)
            (0.1875 0.00049913 0.00049913)
            (0.1875 0.00099827 0.00099827)
            (0.1875 0.0014974 0.0014974)
            (0.1875 0.00199654 0.00199654)
            (0.1875 0.00249567 0.00249567)
            (0.1875 0.00299481 0.00299481)
            (0.1875 0.00349394 0.00349394)
            (0.1875 0.00399307 0.00399307)
            (0.1875 0.00449221 0.00449221)
            (0.1875 0.00499134 0.00499134)
            (0.1875 0.00549048 0.00549048)
            (0.1875 0.00598961 0.00598961)
            (0.1875 0.00648874 0.00648874)
            (0.1875 0.00698788 0.00698788)
            (0.1875 0.00748701 0.00748701)
            (0.1875 0.00798615 0.00798615)
            (0.1875 0.00848528 0.00848528)
            (0.1875 0.0 0.0)
            (0.1875 0.0 0.00070588)
            (0.1875 0.0 0.00141176)
            (0.1875 0.0 0.00211765)
            (0.1875 0.0 0.00282353)
            (0.1875 0.0 0.00352941)
            (0.1875 0.0 0.00423529)
            (0.1875 0.0 0.00494118)
            (0.1875 0.0 0.00564706)
            (0.1875 0.0 0.00635294)
            (0.1875 0.0 0.00705882)
            (0.1875 0.0 0.00776471)
            (0.1875 0.0 0.00847059)
            (0.1875 0.0 0.00917647)
            (0.1875 0.0 0.00988235)
            (0.1875 0.0 0.01058824)
            (0.1875 0.0 0.01129412)
            (0.1875 0.0 0.012)
            (0.1875 0.0 0.0)
            (0.1875 -0.00049913 0.00049913)
            (0.1875 -0.00099827 0.00099827)
            (0.1875 -0.0014974 0.0014974)
            (0.1875 -0.00199654 0.00199654)
            (0.1875 -0.00249567 0.00249567)
            (0.1875 -0.00299481 0.00299481)
            (0.1875 -0.00349394 0.00349394)
            (0.1875 -0.00399307 0.00399307)
            (0.1875 -0.00449221 0.00449221)
            (0.1875 -0.00499134 0.00499134)
            (0.1875 -0.00549048 0.00549048)
            (0.1875 -0.00598961 0.00598961)
            (0.1875 -0.00648874 0.00648874)
            (0.1875 -0.00698788 0.00698788)
            (0.1875 -0.00748701 0.00748701)
            (0.1875 -0.00798615 0.00798615)
            (0.1875 -0.00848528 0.00848528)
            (0.1875 0.0 0.0)
            (0.1875 -0.00070588 0.0)
            (0.1875 -0.00141176 0.0)
            (0.1875 -0.00211765 0.0)
            (0.1875 -0.00282353 0.0)
            (0.1875 -0.00352941 0.0)
            (0.1875 -0.00423529 0.0)
            (0.1875 -0.00494118 0.0)
            (0.1875 -0.00564706 0.0)
            (0.1875 -0.00635294 0.0)
            (0.1875 -0.00705882 0.0)
            (0.1875 -0.00776471 0.0)
            (0.1875 -0.00847059 0.0)
            (0.1875 -0.00917647 0.0)
            (0.1875 -0.00988235 0.0)
            (0.1875 -0.01058824 0.0)
            (0.1875 -0.01129412 0.0)
            (0.1875 -0.012 0.0)
            (0.1875 0.0 0.0)
            (0.1875 -0.00049913 -0.00049913)
            (0.1875 -0.00099827 -0.00099827)
            (0.1875 -0.0014974 -0.0014974)
            (0.1875 -0.00199654 -0.00199654)
            (0.1875 -0.00249567 -0.00249567)
            (0.1875 -0.00299481 -0.00299481)
            (0.1875 -0.00349394 -0.00349394)
            (0.1875 -0.00399307 -0.00399307)
            (0.1875 -0.00449221 -0.00449221)
            (0.1875 -0.00499134 -0.00499134)
            (0.1875 -0.00549048 -0.00549048)
            (0.1875 -0.00598961 -0.00598961)
            (0.1875 -0.00648874 -0.00648874)
            (0.1875 -0.00698788 -0.00698788)
            (0.1875 -0.00748701 -0.00748701)
            (0.1875 -0.00798615 -0.00798615)
            (0.1875 -0.00848528 -0.00848528)
            (0.1875 0.0 0.0)
            (0.1875 0.0 -0.00070588)
            (0.1875 0.0 -0.00141176)
            (0.1875 0.0 -0.00211765)
            (0.1875 0.0 -0.00282353)
            (0.1875 0.0 -0.00352941)
            (0.1875 0.0 -0.00423529)
            (0.1875 0.0 -0.00494118)
            (0.1875 0.0 -0.00564706)
            (0.1875 0.0 -0.00635294)
            (0.1875 0.0 -0.00705882)
            (0.1875 0.0 -0.00776471)
            (0.1875 0.0 -0.00847059)
            (0.1875 0.0 -0.00917647)
            (0.1875 0.0 -0.00988235)
            (0.1875 0.0 -0.01058824)
            (0.1875 0.0 -0.01129412)
            (0.1875 0.0 -0.012)
            (0.1875 0.0 0.0)
            (0.1875 0.00049913 -0.00049913)
            (0.1875 0.00099827 -0.00099827)
            (0.1875 0.0014974 -0.0014974)
            (0.1875 0.00199654 -0.00199654)
            (0.1875 0.00249567 -0.00249567)
            (0.1875 0.00299481 -0.00299481)
            (0.1875 0.00349394 -0.00349394)
            (0.1875 0.00399307 -0.00399307)
            (0.1875 0.00449221 -0.00449221)
            (0.1875 0.00499134 -0.00499134)
            (0.1875 0.00549048 -0.00549048)
            (0.1875 0.00598961 -0.00598961)
            (0.1875 0.00648874 -0.00648874)
            (0.1875 0.00698788 -0.00698788)
            (0.1875 0.00748701 -0.00748701)
            (0.1875 0.00798615 -0.00798615)
            (0.1875 0.00848528 -0.00848528)
            (0.225 0.0 0.0)
            (0.225 0.00070588 0.0)
            (0.225 0.00141176 0.0)
            (0.225 0.00211765 0.0)
            (0.225 0.00282353 0.0)
            (0.225 0.00352941 0.0)
            (0.225 0.00423529 0.0)
            (0.225 0.00494118 0.0)
            (0.225 0.00564706 0.0)
            (0.225 0.00635294 0.0)
            (0.225 0.00705882 0.0)
            (0.225 0.00776471 0.0)
            (0.225 0.00847059 0.0)
            (0.225 0.00917647 0.0)
            (0.225 0.00988235 0.0)
            (0.225 0.01058824 0.0)
            (0.225 0.01129412 0.0)
            (0.225 0.012 0.0)
            (0.225 0.0 0.0)
            (0.225 0.00049913 0.00049913)
            (0.225 0.00099827 0.00099827)
            (0.225 0.0014974 0.0014974)
            (0.225 0.00199654 0.00199654)
            (0.225 0.00249567 0.00249567)
            (0.225 0.00299481 0.00299481)
            (0.225 0.00349394 0.00349394)
            (0.225 0.00399307 0.00399307)
            (0.225 0.00449221 0.00449221)
            (0.225 0.00499134 0.00499134)
            (0.225 0.00549048 0.00549048)
            (0.225 0.00598961 0.00598961)
            (0.225 0.00648874 0.00648874)
            (0.225 0.00698788 0.00698788)
            (0.225 0.00748701 0.00748701)
            (0.225 0.00798615 0.00798615)
            (0.225 0.00848528 0.00848528)
            (0.225 0.0 0.0)
            (0.225 0.0 0.00070588)
            (0.225 0.0 0.00141176)
            (0.225 0.0 0.00211765)
            (0.225 0.0 0.00282353)
            (0.225 0.0 0.00352941)
            (0.225 0.0 0.00423529)
            (0.225 0.0 0.00494118)
            (0.225 0.0 0.00564706)
            (0.225 0.0 0.00635294)
            (0.225 0.0 0.00705882)
            (0.225 0.0 0.00776471)
            (0.225 0.0 0.00847059)
            (0.225 0.0 0.00917647)
            (0.225 0.0 0.00988235)
            (0.225 0.0 0.01058824)
            (0.225 0.0 0.01129412)
            (0.225 0.0 0.012)
            (0.225 0.0 0.0)
            (0.225 -0.00049913 0.00049913)
            (0.225 -0.00099827 0.00099827)
            (0.225 -0.0014974 0.0014974)
            (0.225 -0.00199654 0.00199654)
            (0.225 -0.00249567 0.00249567)
            (0.225 -0.00299481 0.00299481)
            (0.225 -0.00349394 0.00349394)
            (0.225 -0.00399307 0.00399307)
            (0.225 -0.00449221 0.00449221)
            (0.225 -0.00499134 0.00499134)
            (0.225 -0.00549048 0.00549048)
            (0.225 -0.00598961 0.00598961)
            (0.225 -0.00648874 0.00648874)
            (0.225 -0.00698788 0.00698788)
            (0.225 -0.00748701 0.00748701)
            (0.225 -0.00798615 0.00798615)
            (0.225 -0.00848528 0.00848528)
            (0.225 0.0 0.0)
            (0.225 -0.00070588 0.0)
            (0.225 -0.00141176 0.0)
            (0.225 -0.00211765 0.0)
            (0.225 -0.00282353 0.0)
            (0.225 -0.00352941 0.0)
            (0.225 -0.00423529 0.0)
            (0.225 -0.00494118 0.0)
            (0.225 -0.00564706 0.0)
            (0.225 -0.00635294 0.0)
            (0.225 -0.00705882 0.0)
            (0.225 -0.00776471 0.0)
            (0.225 -0.00847059 0.0)
            (0.225 -0.00917647 0.0)
            (0.225 -0.00988235 0.0)
            (0.225 -0.01058824 0.0)
            (0.225 -0.01129412 0.0)
            (0.225 -0.012 0.0)
            (0.225 0.0 0.0)
            (0.225 -0.00049913 -0.00049913)
            (0.225 -0.00099827 -0.00099827)
            (0.225 -0.0014974 -0.0014974)
            (0.225 -0.00199654 -0.00199654)
            (0.225 -0.00249567 -0.00249567)
            (0.225 -0.00299481 -0.00299481)
            (0.225 -0.00349394 -0.00349394)
            (0.225 -0.00399307 -0.00399307)
            (0.225 -0.00449221 -0.00449221)
            (0.225 -0.00499134 -0.00499134)
            (0.225 -0.00549048 -0.00549048)
            (0.225 -0.00598961 -0.00598961)
            (0.225 -0.00648874 -0.00648874)
            (0.225 -0.00698788 -0.00698788)
            (0.225 -0.00748701 -0.00748701)
            (0.225 -0.00798615 -0.00798615)
            (0.225 -0.00848528 -0.00848528)
            (0.225 0.0 0.0)
            (0.225 0.0 -0.00070588)
            (0.225 0.0 -0.00141176)
            (0.225 0.0 -0.00211765)
            (0.225 0.0 -0.00282353)
            (0.225 0.0 -0.00352941)
            (0.225 0.0 -0.00423529)
            (0.225 0.0 -0.00494118)
            (0.225 0.0 -0.00564706)
            (0.225 0.0 -0.00635294)
            (0.225 0.0 -0.00705882)
            (0.225 0.0 -0.00776471)
            (0.225 0.0 -0.00847059)
            (0.225 0.0 -0.00917647)
            (0.225 0.0 -0.00988235)
            (0.225 0.0 -0.01058824)
            (0.225 0.0 -0.01129412)
            (0.225 0.0 -0.012)
            (0.225 0.0 0.0)
            (0.225 0.00049913 -0.00049913)
            (0.225 0.00099827 -0.00099827)
            (0.225 0.0014974 -0.0014974)
            (0.225 0.00199654 -0.00199654)
            (0.225 0.00249567 -0.00249567)
            (0.225 0.00299481 -0.00299481)
            (0.225 0.00349394 -0.00349394)
            (0.225 0.00399307 -0.00399307)
            (0.225 0.00449221 -0.00449221)
            (0.225 0.00499134 -0.00499134)
            (0.225 0.00549048 -0.00549048)
            (0.225 0.00598961 -0.00598961)
            (0.225 0.00648874 -0.00648874)
            (0.225 0.00698788 -0.00698788)
            (0.225 0.00748701 -0.00748701)
            (0.225 0.00798615 -0.00798615)
            (0.225 0.00848528 -0.00848528)
        );                     
        fixedLocations  false; 
        fields                  
        (                      
            p                  
        );                     
    }                          
